d
50 100
46 19 -697
44 45 -46
15 44 352
6 40 -327
20 43 332
17 16 473
47 42 -637
20 32 -772
41 40 -687
29 11 -440
49 8 -609
49 18 525
43 18 250
1 27 -457
17 33 -717
4 28 300
36 24 -440
18 21 -235
17 5 482
42 27 781
47 26 -867
20 19 651
11 5 276
48 20 852
10 44 849
28 15 594
49 30 -312
8 19 -212
42 47 56
36 46 -912
9 2 93
21 27 71
39 35 571
34 9 -957
30 28 461
3 25 -35
10 47 -569
22 16 639
42 0 -900
2 27 745
25 43 -522
18 30 -879
13 16 23
28 18 596
49 40 -444
10 42 570
26 4 -215
25 40 332
35 49 260
22 3 217
38 49 706
44 16 -910
10 7 -200
42 13 993
15 38 -821
11 38 235
48 45 -618
14 15 -302
25 41 555
30 35 -415
42 5 145
7 34 205
26 36 -357
29 28 -851
20 2 -761
43 9 960
23 37 -380
8 21 -666
38 13 446
0 35 -188
7 27 670
10 12 -692
3 41 -33
39 18 -584
11 9 978
27 38 255
12 11 -162
27 44 982
36 42 640
15 35 402
10 41 67
20 23 436
5 10 -899
33 8 -64
14 25 186
4 35 892
47 34 -225
24 34 413
45 42 -460
32 26 -288
11 12 -790
29 17 -395
41 3 164
27 41 247
37 38 -834
5 37 -275
12 47 -700
46 0 -439
39 14 -518
11 48 382
0
